creating 10 examples: 
num_examples for each carry: 910
num_examples for each digit: [4, 12, 48, 192, 1624, 1624, 1624, 1624, 1624, 1624]
percentage of exmamples for each digit: [100.0, 75.0, 75.0, 75.0, 158.59375, 39.6484375, 9.912109375, 2.47802734375, 0.6195068359375, 0.154876708984375]
5,1624, 0, [81, 54, 52, 42, 27, 0, 0, 0, 0, 0, 0]
6,1624, 1624, [444, 334, 407, 333, 239, 123, 0, 0, 0, 0, 0]
7,1624, 3248, [723, 603, 699, 610, 477, 295, 97, 0, 0, 0, 0]
8,1624, 4872, [910, 830, 910, 906, 752, 500, 235, 85, 0, 0, 0]
9,1624, 6496, [910, 910, 910, 910, 910, 910, 757, 397, 138, 0, 0]
10,1624, 8120, [910, 910, 910, 910, 910, 910, 910, 910, 815, 281, 0]
created 9744 number of examples and saved to addition_multidigit_bal_binary_ver1/add_examples_10_10000.txt
